1,0,5,23
1,1,83,5
2,2,42,49
15,3,34,16
21,4,15,57
35,5,5,27
37,6,7,64
49,7,5,49
54,8,35,5
67,9,5,74
79,10,45,11
100,11,14,5
102,12,22,96
119,13,5,88
121,14,33,5
122,15,5,43
124,16,5,90
142,17,48,5
143,18,5,22
143,19,5,75
155,20,55,40
157,21,5,86
158,22,78,90
168,23,5,39
172,24,5,14
173,25,5,46
174,26,5,38
178,27,5,23
182,28,39,5
188,29,1,5
189,30,5,94
193,31,76,47
211,32,5,18
218,33,5,74
222,34,5,55
234,35,5,50
237,36,5,71
263,37,13,5
290,38,45,38
290,39,5,80
320,40,86,80
342,41,5,13
352,42,5,18
363,43,46,70
370,44,94,10
370,45,47,45
373,46,5,92
381,47,43,5
394,48,47,5
400,49,4,5
406,50,5,15
427,51,5,22
429,52,99,5
429,53,15,86
430,54,100,79
432,55,72,18
436,56,56,5
451,57,87,5
453,58,5,55
470,59,27,17
477,60,100,22
486,61,5,9
489,62,5,89
492,63,5,72
499,64,66,5
500,65,5,4
528,66,5,21
547,67,12,5
560,68,5,32
562,69,48,5
579,70,45,53
581,71,10,5
609,72,5,45
619,73,61,58
630,74,27,91
635,75,60,95
637,76,5,49
639,77,39,5
642,78,5,45
649,79,5,12
679,80,5,52
684,81,89,5
695,82,27,91
696,83,5,32
710,84,13,5
722,85,90,67
725,86,92,5
734,87,46,5
734,88,5,93
736,89,39,51
740,90,5,73
774,91,5,36
777,92,90,54
783,93,5,29
810,94,5,7
811,95,5,21
814,96,5,85
819,97,5,83
835,98,5,86
837,99,38,5
841,100,70,91
848,101,5,59
851,102,23,29
869,103,47,5
869,104,5,78
874,105,51,5
879,106,23,41
891,107,2,25
893,108,27,18
895,109,5,17
896,110,42,9
902,111,5,37
913,112,36,66
918,113,5,70
922,114,92,5
922,115,5,18
923,116,31,79
924,117,58,61
925,118,5,76
940,119,27,5
948,120,5,84
950,121,5,56
951,122,87,5
953,123,5,97
970,124,5,75
974,125,92,5
994,126,9,19
995,127,63,5
995,128,5,97
1001,129,5,22
1015,130,84,1
1022,131,29,10
1025,132,5,90
1027,133,67,5
1043,134,5,50
1053,135,22,5
1054,136,5,31
1055,137,5,18
1071,138,9,96
1074,139,5,81
1084,140,5,43
1110,141,5,1
1112,142,36,21
1113,143,1,5
1146,144,5,36
1156,145,5,75
1162,146,5,25
1169,147,89,43
1184,148,18,5
1184,149,64,5
1196,150,65,90
1205,151,60,99
1206,152,5,25
1210,153,13,51
1210,154,5,22
1211,155,5,67
1213,156,19,64
1225,157,54,97
1230,158,5,7
1233,159,24,50
1238,160,59,19
1240,161,55,63
1242,162,25,59
1249,163,5,26
1262,164,5,87
1266,165,6,40
1267,166,76,91
1269,167,5,15
1277,168,5,30
1279,169,92,54
1290,170,36,5
1293,171,5,57
1298,172,5,61
1304,173,5,15
1304,174,5,66
1311,175,26,5
1322,176,3,21
1323,177,65,5
1328,178,5,94
1333,179,5,56
1350,180,5,36
1358,181,92,5
1361,182,5,35
1370,183,26,5
1383,184,5,81
1391,185,5,78
1393,186,5,23
1397,187,5,8
1406,188,5,97
1408,189,87,13
1428,190,5,23
1430,191,5,9
1430,192,94,3
1441,193,99,5
1445,194,5,60
1446,195,18,5
1453,196,82,5
1475,197,5,36
1480,198,72,5
1483,199,5,77
1486,200,66,5
1501,201,19,72
1507,202,41,5
1514,203,10,5
1523,204,5,97
1524,205,3,5
1533,206,5,9
1542,207,72,5
1543,208,5,48
1543,209,5,36
1546,210,5,19
1552,211,5,68
1553,212,64,29
1569,213,5,49
1574,214,58,47
1593,215,18,98
1605,216,5,74
1607,217,5,3
1625,218,32,57
1627,219,64,5
1628,220,5,41
1630,221,30,84
1632,222,73,6
1644,223,5,54
1648,224,4,69
1653,225,26,9
1671,226,5,6
1676,227,86,5
1690,228,5,94
1699,229,5,28
1714,230,58,62
1715,231,5,62
1719,232,5,27
1721,233,30,12
1724,234,77,48
1740,235,5,88
1749,236,19,87
1757,237,5,75
1759,238,5,53
1762,239,5,21
1766,240,93,70
1778,241,5,34
1778,242,73,72
1780,243,4,5
1784,244,5,90
1784,245,10,5
1797,246,5,77
1798,247,54,5
1804,248,2,22
1815,249,5,17
1816,250,5,65
1825,251,5,55
1829,252,85,5
1845,253,55,5
1855,254,5,18
1865,255,5,80
1875,256,5,74
1881,257,5,96
1884,258,87,62
1897,259,5,41
1900,260,5,54
1904,261,5,58
1913,262,5,93
1932,263,56,46
1938,264,42,5
1939,265,84,5
1946,266,5,67
1950,267,83,79
1973,268,5,3
1975,269,36,5
1983,270,66,31
1985,271,5,97
1999,272,5,85
2015,273,76,5
2021,274,5,53
2039,275,77,5
2042,276,62,5
2049,277,82,56
2053,278,5,44
2056,279,58,5
2063,280,5,4
2071,281,70,99
2085,282,5,2
2092,283,5,73
2102,284,5,13
2111,285,78,67
2114,286,56,12
2119,287,5,17
2124,288,44,59
2126,289,82,5
2126,290,28,5
2141,291,5,77
2166,292,5,17
2171,293,5,37
2172,294,5,58
2174,295,14,5
2189,296,5,47
2191,297,97,92
2191,298,5,55
2195,299,5,36
2197,300,97,23
2199,301,77,56
2200,302,13,5
2207,303,5,74
2209,304,5,44
2215,305,63,5
2220,306,5,12
2228,307,29,71
2229,308,5,92
2235,309,5,18
2235,310,49,5
2247,311,58,50
2252,312,5,95
2270,313,5,62
2275,314,5,83
2279,315,46,84
2279,316,5,96
2287,317,5,23
2291,318,2,54
2307,319,5,51
2341,320,41,5
2344,321,5,96
2345,322,10,5
2349,323,39,45
2361,324,5,76
2376,325,14,67
2385,326,98,35
2401,327,5,54
2411,328,33,5
2417,329,65,5
2417,330,5,4
2422,331,5,58
2427,332,5,9
2446,333,5,59
2458,334,66,5
2464,335,76,5
2469,336,5,79
2488,337,5,92
2498,338,5,88
2509,339,40,11
2536,340,67,5
2551,341,56,5
2553,342,89,5
2569,343,5,43
2570,344,81,5
2576,345,5,68
2577,346,55,24
2584,347,14,5
2586,348,5,16
2588,349,5,98
2590,350,5,81
2597,351,16,91
2599,352,6,11
2612,353,5,86
2623,354,5,39
2633,355,16,94
2636,356,5,81
2638,357,5,8
2643,358,5,76
2645,359,5,95
2657,360,6,11
2665,361,8,5
2666,362,5,32
2669,363,90,72
2672,364,86,59
2679,365,5,93
2680,366,5,76
2691,367,77,5
2700,368,31,5
2705,369,5,3
2712,370,57,8
2717,371,5,56
2723,372,5,58
2729,373,5,50
2730,374,5,19
2735,375,5,24
2738,376,5,86
2741,377,5,24
2747,378,4,5
2758,379,1,6
2763,380,5,85
2770,381,99,28
2776,382,26,30
2778,383,5,11
2781,384,59,5
2799,385,75,5
2802,386,93,5
2811,387,68,5
2821,388,5,34
2824,389,92,5
2825,390,14,72
2837,391,5,19
2844,392,94,78
2853,393,5,56
2854,394,5,24
2860,395,41,7
2871,396,19,96
2873,397,35,40
2878,398,5,23
2892,399,78,5
2905,400,5,2
2925,401,5,13
2928,402,5,93
2932,403,37,99
2945,404,100,5
2945,405,73,5
2961,406,5,32
2965,407,65,98
2972,408,5,68
2979,409,39,5
2980,410,5,1
3006,411,83,76
3015,412,5,31
3016,413,1,5
3028,414,5,93
3051,415,5,62
3065,416,5,98
3075,417,5,31
3079,418,70,46
3095,419,89,66
3097,420,48,6
3107,421,5,19
3109,422,93,5
3117,423,5,53
3119,424,95,23
3125,425,5,75
3130,426,32,5
3134,427,60,5
3155,428,5,96
3160,429,5,6
3181,430,62,5
3191,431,66,5
3200,432,5,57
3200,433,67,71
3205,434,84,93
3214,435,56,52
3216,436,15,5
3217,437,68,65
3223,438,5,64
3227,439,5,67
3228,440,5,49
3236,441,29,71
3241,442,25,60
3244,443,5,84
3244,444,5,52
3257,445,5,58
3258,446,67,94
3264,447,94,69
3273,448,35,97
3275,449,5,77
3276,450,20,5
3287,451,41,5
3288,452,3,37
3288,453,5,51
3291,454,5,82
3291,455,5,42
3300,456,5,97
3305,457,85,5
3318,458,63,5
3321,459,24,42
3327,460,26,5
3334,461,11,59
3341,462,5,88
3342,463,94,5
3346,464,5,62
3358,465,11,80
3374,466,10,52
3374,467,5,21
3376,468,18,48
3379,469,5,19
3388,470,5,91
3390,471,5,28
3394,472,75,5
3396,473,47,38
3400,474,86,100
3401,475,5,52
3408,476,5,30
3409,477,5,37
3413,478,5,99
3413,479,46,5
3426,480,5,74
3428,481,5,16
3449,482,73,5
3458,483,5,46
3482,484,5,64
3484,485,5,90
3484,486,76,5
3503,487,5,84
3510,488,5,71
3518,489,5,56
3534,490,5,8
3536,491,5,45
3553,492,5,75
3558,493,35,5
3570,494,90,5
3571,495,6,4
3576,496,5,90
3579,497,48,5
3587,498,5,32
3590,499,2,8
